dist,date,hour,minute,vehiclespeed,vehicleflow,lanes
0103,2016-06-23 17:01:00+02,17,1,87.5,1080,4
0103,2016-06-23 17:02:00+02,17,2,93.5,630,4
0103,2016-06-23 17:03:00+02,17,3,96.5,150,4
0103,2016-06-23 17:04:00+02,17,4,86.5,630,4
0103,2016-06-23 17:05:00+02,17,5,97,540,4
0103,2016-06-23 17:06:00+02,17,6,101,690,4
0103,2016-06-23 17:07:00+02,17,7,93,600,4
0103,2016-06-23 17:08:00+02,17,8,95.5,450,4
0103,2016-06-23 17:09:00+02,17,9,98,720,4
0103,2016-06-23 17:10:00+02,17,10,92.5,540,4
0103,2016-06-23 17:11:00+02,17,11,98,690,4
0103,2016-06-23 17:12:00+02,17,12,90,330,4
0103,2016-06-23 17:13:00+02,17,13,93,1020,4
0103,2016-06-23 17:14:00+02,17,14,99,780,4
0103,2016-06-23 17:15:00+02,17,15,95,570,4
0103,2016-06-23 17:16:00+02,17,16,95,750,4
0103,2016-06-23 17:17:00+02,17,17,95.5,540,4
0103,2016-06-23 17:18:00+02,17,18,101,750,4
0103,2016-06-23 17:19:00+02,17,19,98,720,4
0103,2016-06-23 17:20:00+02,17,20,87,420,4
0103,2016-06-23 17:21:00+02,17,21,91,540,4
0103,2016-06-23 17:22:00+02,17,22,98.5,480,4
0103,2016-06-23 17:23:00+02,17,23,91,600,4
0103,2016-06-23 17:24:00+02,17,24,95.5,600,4
0103,2016-06-23 17:25:00+02,17,25,92.5,570,4
0103,2016-06-23 17:26:00+02,17,26,93.5,450,4
0103,2016-06-23 17:27:00+02,17,27,91.5,780,4
0103,2016-06-23 17:28:00+02,17,28,97.5,750,4
0103,2016-06-23 17:29:00+02,17,29,94,570,4
0103,2016-06-23 17:30:00+02,17,30,92.5,540,4
0103,2016-06-23 17:31:00+02,17,31,96,750,4
0103,2016-06-23 17:32:00+02,17,32,96,360,4
0103,2016-06-23 17:33:00+02,17,33,93,420,4
0103,2016-06-23 17:34:00+02,17,34,106,390,4
0103,2016-06-23 17:35:00+02,17,35,101.5,420,4
0103,2016-06-23 17:36:00+02,17,36,98.5,480,4
0103,2016-06-23 17:37:00+02,17,37,95,810,4
0103,2016-06-23 17:38:00+02,17,38,94.5,630,4
0103,2016-06-23 17:39:00+02,17,39,93,600,4
0103,2016-06-23 17:40:00+02,17,40,94.5,600,4
0103,2016-06-23 17:41:00+02,17,41,93.5,750,4
0103,2016-06-23 17:42:00+02,17,42,99.5,450,4
0103,2016-06-23 17:43:00+02,17,43,94,540,4
0103,2016-06-23 17:44:00+02,17,44,102,390,4
0103,2016-06-23 17:45:00+02,17,45,92,630,4
0103,2016-06-23 17:46:00+02,17,46,96.5,600,4
0103,2016-06-23 17:47:00+02,17,47,95,210,4
0103,2016-06-23 17:48:00+02,17,48,90,690,4
0103,2016-06-23 17:49:00+02,17,49,98.5,690,4
0103,2016-06-23 17:50:00+02,17,50,98,450,4
0103,2016-06-23 17:51:00+02,17,51,95,480,4
0103,2016-06-23 17:52:00+02,17,52,95.5,660,4
0103,2016-06-23 17:53:00+02,17,53,89,480,4
0103,2016-06-23 17:54:00+02,17,54,99.5,840,4
0103,2016-06-23 17:55:00+02,17,55,86.5,420,4
0103,2016-06-23 17:56:00+02,17,56,93,780,4
0103,2016-06-23 17:57:00+02,17,57,94,600,4
0103,2016-06-23 17:58:00+02,17,58,94,600,4
0103,2016-06-23 17:59:00+02,17,59,92.5,540,4
0103,2016-06-23 18:00:00+02,18,0,92.5,570,4
0103,2016-06-23 18:01:00+02,18,1,87,450,4
0103,2016-06-23 18:02:00+02,18,2,93,780,4
0103,2016-06-23 18:03:00+02,18,3,90.5,300,4
0103,2016-06-23 18:04:00+02,18,4,100,420,4
0103,2016-06-23 18:05:00+02,18,5,95.5,720,4
0103,2016-06-23 18:06:00+02,18,6,91.5,690,4
0103,2016-06-23 18:07:00+02,18,7,92,600,4
0103,2016-06-23 18:08:00+02,18,8,83,780,4
0103,2016-06-23 18:09:00+02,18,9,85.5,840,4
0103,2016-06-23 18:10:00+02,18,10,93.5,450,4
0103,2016-06-23 18:11:00+02,18,11,83,900,4
0103,2016-06-23 18:12:00+02,18,12,96.5,660,4
0103,2016-06-23 18:13:00+02,18,13,86.5,600,4
0103,2016-06-23 18:14:00+02,18,14,83.5,810,4
0103,2016-06-23 18:15:00+02,18,15,93.5,630,4
0103,2016-06-23 18:16:00+02,18,16,91.5,570,4
0103,2016-06-23 18:17:00+02,18,17,94,660,4
0103,2016-06-23 18:18:00+02,18,18,85.5,720,4
0103,2016-06-23 18:19:00+02,18,19,91,960,4
0103,2016-06-23 18:20:00+02,18,20,96.5,570,4
0103,2016-06-23 18:21:00+02,18,21,92.5,630,4
0103,2016-06-23 18:22:00+02,18,22,83,660,4
0103,2016-06-23 18:23:00+02,18,23,83.5,390,4
0103,2016-06-23 18:24:00+02,18,24,85.5,990,4
0103,2016-06-23 18:25:00+02,18,25,86,630,4
0103,2016-06-23 18:26:00+02,18,26,84,570,4
0103,2016-06-23 18:27:00+02,18,27,78.5,750,4
0103,2016-06-23 18:28:00+02,18,28,79,840,4
0103,2016-06-23 18:29:00+02,18,29,86.5,600,4
0103,2016-06-23 18:30:00+02,18,30,83,480,4
0103,2016-06-23 18:31:00+02,18,31,78,540,4
0103,2016-06-23 18:32:00+02,18,32,74,840,4
0103,2016-06-23 18:33:00+02,18,33,79.5,720,4
0103,2016-06-23 18:34:00+02,18,34,82,330,4
0103,2016-06-23 18:35:00+02,18,35,85,540,4
0103,2016-06-23 18:36:00+02,18,36,83.5,510,4
0103,2016-06-23 18:37:00+02,18,37,84.5,630,4
0103,2016-06-23 18:38:00+02,18,38,77.5,900,4
0103,2016-06-23 18:39:00+02,18,39,67.5,360,4
0103,2016-06-23 18:40:00+02,18,40,83.5,300,4
0103,2016-06-23 18:41:00+02,18,41,74.5,1020,4
0103,2016-06-23 18:42:00+02,18,42,71.5,540,4
0103,2016-06-23 18:43:00+02,18,43,73.5,540,4
0103,2016-06-23 18:44:00+02,18,44,61.5,390,4
0103,2016-06-23 18:45:00+02,18,45,44.5,480,4
0103,2016-06-23 18:46:00+02,18,46,49.5,660,4
0103,2016-06-23 18:47:00+02,18,47,39.5,630,4
0103,2016-06-23 18:48:00+02,18,48,39,480,4
0103,2016-06-23 18:49:00+02,18,49,36.5,600,4
0103,2016-06-23 18:50:00+02,18,50,49.5,570,4
0103,2016-06-23 18:51:00+02,18,51,41,240,4
0103,2016-06-23 18:52:00+02,18,52,81,330,4
0103,2016-06-23 18:53:00+02,18,53,74.5,210,4
0103,2016-06-23 18:54:00+02,18,54,82,360,4
0103,2016-06-23 18:55:00+02,18,55,81.5,450,4
0103,2016-06-23 18:56:00+02,18,56,104,330,4
0103,2016-06-23 18:57:00+02,18,57,96,120,4
0103,2016-06-23 18:58:00+02,18,58,82,720,4
0103,2016-06-23 18:59:00+02,18,59,78,270,4
0103,2016-06-23 19:00:00+02,19,0,92.5,420,4
0103,2016-06-23 19:01:00+02,19,1,81.5,300,4
0103,2016-06-23 19:02:00+02,19,2,91,540,4
0103,2016-06-23 19:03:00+02,19,3,86.5,660,4
0103,2016-06-23 19:04:00+02,19,4,77.5,630,4
0103,2016-06-23 19:05:00+02,19,5,77.5,690,4
0103,2016-06-23 19:06:00+02,19,6,87.5,390,4
0103,2016-06-23 19:07:00+02,19,7,75,480,4
0103,2016-06-23 19:08:00+02,19,8,54.5,570,4
0103,2016-06-23 19:09:00+02,19,9,34,240,4
0103,2016-06-23 19:10:00+02,19,10,29.5,630,4
0103,2016-06-23 19:11:00+02,19,11,28,420,4
0103,2016-06-23 19:12:00+02,19,12,34,540,4
0103,2016-06-23 19:13:00+02,19,13,36,540,4
0103,2016-06-23 19:14:00+02,19,14,31,570,4
0103,2016-06-23 19:15:00+02,19,15,29,660,4
0103,2016-06-23 19:16:00+02,19,16,34,450,4
0103,2016-06-23 19:17:00+02,19,17,29.5,480,4
0103,2016-06-23 19:18:00+02,19,18,25.5,570,4
0103,2016-06-23 19:19:00+02,19,19,27,360,4
0103,2016-06-23 19:20:00+02,19,20,53,90,4
0103,2016-06-23 19:21:00+02,19,21,31.5,360,4
0103,2016-06-23 19:22:00+02,19,22,26.5,450,4
0103,2016-06-23 19:23:00+02,19,23,20,420,4
0103,2016-06-23 19:24:00+02,19,24,15,480,4
0103,2016-06-23 19:25:00+02,19,25,27.5,420,4
0103,2016-06-23 19:26:00+02,19,26,21,390,4
0103,2016-06-23 19:27:00+02,19,27,15,540,4
0103,2016-06-23 19:28:00+02,19,28,22.5,330,4
0103,2016-06-23 19:29:00+02,19,29,26,450,4
0103,2016-06-23 19:30:00+02,19,30,25,510,4
0103,2016-06-23 19:31:00+02,19,31,27.5,360,4
0103,2016-06-23 19:32:00+02,19,32,30.5,450,4
0103,2016-06-23 19:33:00+02,19,33,32.5,450,4
0103,2016-06-23 19:34:00+02,19,34,34.5,480,4
0103,2016-06-23 19:35:00+02,19,35,22.5,600,4
0103,2016-06-23 19:36:00+02,19,36,26.5,450,4
0103,2016-06-23 19:37:00+02,19,37,16.5,480,4
0103,2016-06-23 19:38:00+02,19,38,21,120,4
0103,2016-06-23 19:39:00+02,19,39,16.5,210,4
0103,2016-06-23 19:40:00+02,19,40,35.5,120,4
0103,2016-06-23 19:41:00+02,19,41,13.5,300,4
0103,2016-06-23 19:42:00+02,19,42,17,660,4
0103,2016-06-23 19:43:00+02,19,43,14,510,4
0103,2016-06-23 19:44:00+02,19,44,10,510,4
0103,2016-06-23 19:45:00+02,19,45,6,60,4
0103,2016-06-23 19:46:00+02,19,46,7,330,4
0103,2016-06-23 19:47:00+02,19,47,11.5,480,4
0103,2016-06-23 19:48:00+02,19,48,17,360,4
0103,2016-06-23 19:49:00+02,19,49,12,180,4
0103,2016-06-23 19:50:00+02,19,50,9.5,240,4
0103,2016-06-23 19:51:00+02,19,51,11.5,540,4
0103,2016-06-23 19:52:00+02,19,52,26,150,4
0103,2016-06-23 19:53:00+02,19,53,39,270,4
0103,2016-06-23 19:54:00+02,19,54,22,330,4
0103,2016-06-23 19:55:00+02,19,55,21.5,270,4
0103,2016-06-23 19:56:00+02,19,56,54,240,4
0103,2016-06-23 19:57:00+02,19,57,57,150,4
0103,2016-06-23 19:58:00+02,19,58,24.5,240,4
0103,2016-06-23 19:59:00+02,19,59,27.5,300,4
0103,2016-06-23 20:00:00+02,20,0,26.5,390,4
0103,2016-06-23 20:01:00+02,20,1,26.5,390,4
0103,2016-06-23 20:02:00+02,20,2,22.5,150,4
0103,2016-06-23 20:03:00+02,20,3,28,300,4
0103,2016-06-23 20:04:00+02,20,4,26,450,4
0103,2016-06-23 20:05:00+02,20,5,24,450,4
0103,2016-06-23 20:06:00+02,20,6,25,150,4
0103,2016-06-23 20:07:00+02,20,7,26,360,4
0103,2016-06-23 20:08:00+02,20,8,27,270,4
0103,2016-06-23 20:09:00+02,20,9,31.5,270,4
0103,2016-06-23 20:10:00+02,20,10,26,330,4
0103,2016-06-23 20:11:00+02,20,11,42.5,150,4
0103,2016-06-23 20:12:00+02,20,12,64,120,4
0103,2016-06-23 20:13:00+02,20,13,33,480,4
0103,2016-06-23 20:14:00+02,20,14,33.5,480,4
0103,2016-06-23 20:15:00+02,20,15,33,450,4
0103,2016-06-23 20:16:00+02,20,16,32.5,270,4
0103,2016-06-23 20:17:00+02,20,17,39,210,4
0103,2016-06-23 20:18:00+02,20,18,43,300,4
0103,2016-06-23 20:19:00+02,20,19,42,270,4
0103,2016-06-23 20:20:00+02,20,20,75,120,4
0103,2016-06-23 20:21:00+02,20,21,69.5,360,4
0103,2016-06-23 20:22:00+02,20,22,89.5,390,4
0103,2016-06-23 20:23:00+02,20,23,73.5,330,4
0103,2016-06-23 20:24:00+02,20,24,90.5,240,4
0103,2016-06-23 20:25:00+02,20,25,75,210,4
0103,2016-06-23 20:26:00+02,20,26,70,210,4
0103,2016-06-23 20:27:00+02,20,27,88,180,4
0103,2016-06-23 20:28:00+02,20,28,93,330,4
0103,2016-06-23 20:29:00+02,20,29,80,90,4
0103,2016-06-23 20:30:00+02,20,30,79,180,4
0103,2016-06-23 20:31:00+02,20,31,86.5,240,4
0103,2016-06-23 20:32:00+02,20,32,87,60,4
0103,2016-06-23 20:33:00+02,20,33,90.5,180,4
0103,2016-06-23 20:34:00+02,20,34,79,210,4
0103,2016-06-23 20:35:00+02,20,35,82,120,4
0103,2016-06-23 20:36:00+02,20,36,79.5,240,4
0103,2016-06-23 20:37:00+02,20,37,78,150,4
0103,2016-06-23 20:38:00+02,20,38,83.5,330,4
0103,2016-06-23 20:39:00+02,20,39,79,180,4
0103,2016-06-23 20:40:00+02,20,40,86.5,270,4
0103,2016-06-23 20:41:00+02,20,41,95,120,4
0103,2016-06-23 20:42:00+02,20,42,77,150,4
0103,2016-06-23 20:43:00+02,20,43,78.5,240,4
0103,2016-06-23 20:44:00+02,20,44,92,180,4
0103,2016-06-23 20:45:00+02,20,45,86,210,4
0103,2016-06-23 20:46:00+02,20,46,94,60,4
0103,2016-06-23 20:47:00+02,20,47,82,150,4
0103,2016-06-23 20:48:00+02,20,48,90,240,4
0103,2016-06-23 20:49:00+02,20,49,81,120,4
0103,2016-06-23 20:50:00+02,20,50,77,60,4
0103,2016-06-23 20:51:00+02,20,51,86,210,4
0103,2016-06-23 20:52:00+02,20,52,88.5,330,4
0103,2016-06-23 20:53:00+02,20,53,93.5,210,4
0103,2016-06-23 20:54:00+02,20,54,78,120,4
0103,2016-06-23 20:55:00+02,20,55,93,180,4
0103,2016-06-23 20:56:00+02,20,56,92,180,4
0103,2016-06-23 20:57:00+02,20,57,98,150,4
0103,2016-06-23 20:58:00+02,20,58,88,210,4
0103,2016-06-23 20:59:00+02,20,59,95,150,4
0103,2016-06-23 21:00:00+02,21,0,96.5,180,4
0103,2016-06-23 21:01:00+02,21,1,96,180,4
0103,2016-06-23 21:02:00+02,21,2,86,60,4
0103,2016-06-23 21:03:00+02,21,3,96,180,4
0103,2016-06-23 21:04:00+02,21,4,92.5,210,4
0103,2016-06-23 21:05:00+02,21,5,84,120,4
0103,2016-06-23 21:06:00+02,21,6,96.5,90,4
0103,2016-06-23 21:07:00+02,21,7,96,180,4
0103,2016-06-23 21:08:00+02,21,8,95,210,4
0103,2016-06-23 21:09:00+02,21,9,99,330,4
0103,2016-06-23 21:10:00+02,21,10,86,120,4
0103,2016-06-23 21:11:00+02,21,11,102,450,4
0103,2016-06-23 21:12:00+02,21,12,87,180,4
0103,2016-06-23 21:13:00+02,21,13,98,150,4
0103,2016-06-23 21:14:00+02,21,14,102,180,4
0103,2016-06-23 21:15:00+02,21,15,90,90,4
0103,2016-06-23 21:16:00+02,21,16,93,120,4
0103,2016-06-23 21:17:00+02,21,17,106.5,180,4
0103,2016-06-23 21:18:00+02,21,18,95,60,4
0103,2016-06-23 21:19:00+02,21,19,76,120,4
0103,2016-06-23 21:20:00+02,21,20,102,120,4
0103,2016-06-23 21:21:00+02,21,21,89,180,4
0103,2016-06-23 21:22:00+02,21,22,92.5,150,4
0103,2016-06-23 21:23:00+02,21,23,93,120,4
0103,2016-06-23 21:24:00+02,21,24,94,120,4
0103,2016-06-23 21:25:00+02,21,25,98,30,4
0103,2016-06-23 21:26:00+02,21,26,96,240,4
0103,2016-06-23 21:27:00+02,21,27,97,90,4
0103,2016-06-23 21:28:00+02,21,28,97,90,4
0103,2016-06-23 21:29:00+02,21,29,99.5,210,4
0110,2016-06-23 17:01:00+02,17,1,84.6666666666667,1300,3
0110,2016-06-23 17:02:00+02,17,2,82.3333333333333,1060,3
0110,2016-06-23 17:03:00+02,17,3,84.6666666666667,800,3
0110,2016-06-23 17:04:00+02,17,4,89.3333333333333,840,3
0110,2016-06-23 17:05:00+02,17,5,89.3333333333333,720,3
0110,2016-06-23 17:06:00+02,17,6,86.6666666666667,980,3
0110,2016-06-23 17:07:00+02,17,7,85.6666666666667,920,3
0110,2016-06-23 17:08:00+02,17,8,86.3333333333333,1000,3
0110,2016-06-23 17:09:00+02,17,9,81.3333333333333,1040,3
0110,2016-06-23 17:10:00+02,17,10,85.6666666666667,900,3
0110,2016-06-23 17:11:00+02,17,11,77,1280,3
0110,2016-06-23 17:12:00+02,17,12,87.6666666666667,640,3
0110,2016-06-23 17:13:00+02,17,13,86,1340,3
0110,2016-06-23 17:14:00+02,17,14,87.6666666666667,620,3
0110,2016-06-23 17:15:00+02,17,15,88.3333333333333,740,3
0110,2016-06-23 17:16:00+02,17,16,83,1480,3
0110,2016-06-23 17:17:00+02,17,17,83.6666666666667,900,3
0110,2016-06-23 17:18:00+02,17,18,90,780,3
0110,2016-06-23 17:19:00+02,17,19,84.6666666666667,1000,3
0110,2016-06-23 17:20:00+02,17,20,84.3333333333333,780,3
0110,2016-06-23 17:21:00+02,17,21,80.6666666666667,980,3
0110,2016-06-23 17:22:00+02,17,22,85,940,3
0110,2016-06-23 17:23:00+02,17,23,85,820,3
0110,2016-06-23 17:24:00+02,17,24,87.6666666666667,980,3
0110,2016-06-23 17:25:00+02,17,25,86.3333333333333,720,3
0110,2016-06-23 17:26:00+02,17,26,78.3333333333333,1060,3
0110,2016-06-23 17:27:00+02,17,27,81.6666666666667,1040,3
0110,2016-06-23 17:28:00+02,17,28,89,520,3
0110,2016-06-23 17:29:00+02,17,29,86.3333333333333,1360,3
0110,2016-06-23 17:30:00+02,17,30,85,880,3
0110,2016-06-23 17:31:00+02,17,31,91,820,3
0110,2016-06-23 17:32:00+02,17,32,87.3333333333333,1280,3
0110,2016-06-23 17:33:00+02,17,33,88.3333333333333,860,3
0110,2016-06-23 17:34:00+02,17,34,87,380,3
0110,2016-06-23 17:35:00+02,17,35,87.6666666666667,740,3
0110,2016-06-23 17:36:00+02,17,36,87.6666666666667,1020,3
0110,2016-06-23 17:37:00+02,17,37,89.6666666666667,600,3
0110,2016-06-23 17:38:00+02,17,38,91.6666666666667,820,3
0110,2016-06-23 17:39:00+02,17,39,91.3333333333333,1280,3
0110,2016-06-23 17:40:00+02,17,40,84.6666666666667,1020,3
0110,2016-06-23 17:41:00+02,17,41,85,1140,3
0110,2016-06-23 17:42:00+02,17,42,86,880,3
0110,2016-06-23 17:43:00+02,17,43,88.3333333333333,1120,3
0110,2016-06-23 17:44:00+02,17,44,85.3333333333333,1080,3
0110,2016-06-23 17:45:00+02,17,45,80.5,420,3
0110,2016-06-23 17:46:00+02,17,46,85,1340,3
0110,2016-06-23 17:47:00+02,17,47,91.3333333333333,560,3
0110,2016-06-23 17:48:00+02,17,48,85.5,520,3
0110,2016-06-23 17:49:00+02,17,49,83.3333333333333,1100,3
0110,2016-06-23 17:50:00+02,17,50,85,740,3
0110,2016-06-23 17:51:00+02,17,51,89.6666666666667,680,3
0110,2016-06-23 17:52:00+02,17,52,86.6666666666667,640,3
0110,2016-06-23 17:53:00+02,17,53,85.3333333333333,1260,3
0110,2016-06-23 17:54:00+02,17,54,79.6666666666667,1040,3
0110,2016-06-23 17:55:00+02,17,55,65,1220,3
0110,2016-06-23 17:56:00+02,17,56,53,960,3
0110,2016-06-23 17:57:00+02,17,57,56.6666666666667,440,3
0110,2016-06-23 17:58:00+02,17,58,51.6666666666667,1060,3
0110,2016-06-23 17:59:00+02,17,59,50.3333333333333,580,3
0110,2016-06-23 18:00:00+02,18,0,52,800,3
0110,2016-06-23 18:01:00+02,18,1,48.6666666666667,900,3
0110,2016-06-23 18:02:00+02,18,2,48.3333333333333,840,3
0110,2016-06-23 18:03:00+02,18,3,53.3333333333333,720,3
0110,2016-06-23 18:04:00+02,18,4,49.3333333333333,840,3
0110,2016-06-23 18:05:00+02,18,5,47.6666666666667,480,3
0110,2016-06-23 18:06:00+02,18,6,52,700,3
0110,2016-06-23 18:07:00+02,18,7,53,740,3
0110,2016-06-23 18:08:00+02,18,8,59,920,3
0110,2016-06-23 18:09:00+02,18,9,53.3333333333333,1260,3
0110,2016-06-23 18:10:00+02,18,10,47.6666666666667,780,3
0110,2016-06-23 18:11:00+02,18,11,51.6666666666667,720,3
0110,2016-06-23 18:12:00+02,18,12,52,960,3
0110,2016-06-23 18:13:00+02,18,13,54.3333333333333,980,3
0110,2016-06-23 18:14:00+02,18,14,54.3333333333333,960,3
0110,2016-06-23 18:15:00+02,18,15,49.3333333333333,880,3
0110,2016-06-23 18:16:00+02,18,16,46.3333333333333,1120,3
0110,2016-06-23 18:17:00+02,18,17,53.3333333333333,1080,3
0110,2016-06-23 18:18:00+02,18,18,52.3333333333333,1200,3
0110,2016-06-23 18:19:00+02,18,19,51.3333333333333,840,3
0110,2016-06-23 18:20:00+02,18,20,51.6666666666667,1100,3
0110,2016-06-23 18:21:00+02,18,21,46.6666666666667,780,3
0110,2016-06-23 18:22:00+02,18,22,51.3333333333333,760,3
0110,2016-06-23 18:23:00+02,18,23,49.3333333333333,860,3
0110,2016-06-23 18:24:00+02,18,24,46.6666666666667,700,3
0110,2016-06-23 18:25:00+02,18,25,49.6666666666667,620,3
0110,2016-06-23 18:26:00+02,18,26,50,780,3
0110,2016-06-23 18:27:00+02,18,27,49.6666666666667,820,3
0110,2016-06-23 18:28:00+02,18,28,53.6666666666667,740,3
0110,2016-06-23 18:29:00+02,18,29,48.3333333333333,1120,3
0110,2016-06-23 18:30:00+02,18,30,55.6666666666667,800,3
0110,2016-06-23 18:31:00+02,18,31,54.6666666666667,800,3
0110,2016-06-23 18:32:00+02,18,32,52.3333333333333,840,3
0110,2016-06-23 18:33:00+02,18,33,45.6666666666667,940,3
0110,2016-06-23 18:34:00+02,18,34,29,540,3
0110,2016-06-23 18:35:00+02,18,35,38.6666666666667,500,3
0110,2016-06-23 18:36:00+02,18,36,51.6666666666667,440,3
0110,2016-06-23 18:37:00+02,18,37,50.6666666666667,500,3
0110,2016-06-23 18:38:00+02,18,38,52,740,3
0110,2016-06-23 18:39:00+02,18,39,50.6666666666667,620,3
0110,2016-06-23 18:40:00+02,18,40,54.3333333333333,340,3
0110,2016-06-23 18:41:00+02,18,41,54.3333333333333,420,3
0110,2016-06-23 18:42:00+02,18,42,51,560,3
0110,2016-06-23 18:43:00+02,18,43,56.6666666666667,600,3
0110,2016-06-23 18:44:00+02,18,44,52,500,3
0110,2016-06-23 18:45:00+02,18,45,55,560,3
0110,2016-06-23 18:46:00+02,18,46,55,440,3
0110,2016-06-23 18:47:00+02,18,47,51.6666666666667,480,3
0110,2016-06-23 18:48:00+02,18,48,55.3333333333333,460,3
0110,2016-06-23 18:49:00+02,18,49,49.3333333333333,720,3
0110,2016-06-23 18:50:00+02,18,50,52.3333333333333,580,3
0110,2016-06-23 18:51:00+02,18,51,51.3333333333333,660,3
0110,2016-06-23 18:52:00+02,18,52,52.6666666666667,320,3
0110,2016-06-23 18:53:00+02,18,53,58,280,3
0110,2016-06-23 18:54:00+02,18,54,52.3333333333333,440,3
0110,2016-06-23 18:55:00+02,18,55,51.3333333333333,320,3
0110,2016-06-23 18:56:00+02,18,56,48.3333333333333,540,3
0110,2016-06-23 18:57:00+02,18,57,46.6666666666667,440,3
0110,2016-06-23 18:58:00+02,18,58,51.3333333333333,320,3
0110,2016-06-23 18:59:00+02,18,59,50.3333333333333,520,3
0110,2016-06-23 19:00:00+02,19,0,50.6666666666667,280,3
0110,2016-06-23 19:01:00+02,19,1,45.6666666666667,480,3
0110,2016-06-23 19:02:00+02,19,2,47.6666666666667,340,3
0110,2016-06-23 19:03:00+02,19,3,45,440,3
0110,2016-06-23 19:04:00+02,19,4,70.5,260,3
0110,2016-06-23 19:05:00+02,19,5,50,500,3
0110,2016-06-23 19:06:00+02,19,6,48.6666666666667,400,3
0110,2016-06-23 19:07:00+02,19,7,51.3333333333333,440,3
0110,2016-06-23 19:08:00+02,19,8,54.6666666666667,420,3
0110,2016-06-23 19:09:00+02,19,9,55,460,3
0110,2016-06-23 19:10:00+02,19,10,53.6666666666667,360,3
0110,2016-06-23 19:11:00+02,19,11,54,280,3
0110,2016-06-23 19:12:00+02,19,12,45.6666666666667,580,3
0110,2016-06-23 19:13:00+02,19,13,50,340,3
0110,2016-06-23 19:14:00+02,19,14,52.6666666666667,440,3
0110,2016-06-23 19:15:00+02,19,15,51.6666666666667,480,3
0110,2016-06-23 19:16:00+02,19,16,55,260,3
0110,2016-06-23 19:17:00+02,19,17,50.6666666666667,360,3
0110,2016-06-23 19:18:00+02,19,18,45,400,3
0110,2016-06-23 19:19:00+02,19,19,49.6666666666667,380,3
0110,2016-06-23 19:20:00+02,19,20,50.6666666666667,320,3
0110,2016-06-23 19:21:00+02,19,21,47.3333333333333,280,3
0110,2016-06-23 19:22:00+02,19,22,51.6666666666667,180,3
0110,2016-06-23 19:23:00+02,19,23,50.3333333333333,440,3
0110,2016-06-23 19:24:00+02,19,24,50.3333333333333,220,3
0110,2016-06-23 19:25:00+02,19,25,48,520,3
0110,2016-06-23 19:26:00+02,19,26,51.3333333333333,420,3
0110,2016-06-23 19:27:00+02,19,27,43,220,3
0110,2016-06-23 19:28:00+02,19,28,43,500,3
0110,2016-06-23 19:29:00+02,19,29,65.5,220,3
0110,2016-06-23 19:30:00+02,19,30,52.3333333333333,420,3
0110,2016-06-23 19:31:00+02,19,31,68.5,420,3
0110,2016-06-23 19:32:00+02,19,32,70,380,3
0110,2016-06-23 19:33:00+02,19,33,47.6666666666667,400,3
0110,2016-06-23 19:34:00+02,19,34,48,300,3
0110,2016-06-23 19:35:00+02,19,35,47.3333333333333,360,3
0110,2016-06-23 19:36:00+02,19,36,46.3333333333333,480,3
0110,2016-06-23 19:37:00+02,19,37,39,380,3
0110,2016-06-23 19:38:00+02,19,38,50,340,3
0110,2016-06-23 19:39:00+02,19,39,41,240,3
0110,2016-06-23 19:40:00+02,19,40,43.6666666666667,300,3
0110,2016-06-23 19:41:00+02,19,41,66,160,3
0110,2016-06-23 19:42:00+02,19,42,39.6666666666667,360,3
0110,2016-06-23 19:43:00+02,19,43,66.5,480,3
0110,2016-06-23 19:44:00+02,19,44,44.6666666666667,380,3
0110,2016-06-23 19:45:00+02,19,45,42.3333333333333,200,3
0110,2016-06-23 19:46:00+02,19,46,40.3333333333333,340,3
0110,2016-06-23 19:47:00+02,19,47,59,460,3
0110,2016-06-23 19:48:00+02,19,48,45.3333333333333,340,3
0110,2016-06-23 19:49:00+02,19,49,63.5,300,3
0110,2016-06-23 19:50:00+02,19,50,44.3333333333333,240,3
0110,2016-06-23 19:51:00+02,19,51,74,140,3
0110,2016-06-23 19:52:00+02,19,52,66,320,3
0110,2016-06-23 19:53:00+02,19,53,50.3333333333333,400,3
0110,2016-06-23 19:54:00+02,19,54,42,280,3
0110,2016-06-23 19:55:00+02,19,55,44.6666666666667,440,3
0110,2016-06-23 19:56:00+02,19,56,45,340,3
0110,2016-06-23 19:57:00+02,19,57,45.3333333333333,180,3
0110,2016-06-23 19:58:00+02,19,58,68.5,120,3
0110,2016-06-23 19:59:00+02,19,59,68,240,3
0110,2016-06-23 20:00:00+02,20,0,53,140,3
0110,2016-06-23 20:01:00+02,20,1,61,320,3
0110,2016-06-23 20:02:00+02,20,2,45.3333333333333,320,3
0110,2016-06-23 20:03:00+02,20,3,46.3333333333333,200,3
0110,2016-06-23 20:04:00+02,20,4,66.5,240,3
0110,2016-06-23 20:05:00+02,20,5,63,340,3
0110,2016-06-23 20:06:00+02,20,6,43.6666666666667,400,3
0110,2016-06-23 20:07:00+02,20,7,41,220,3
0110,2016-06-23 20:08:00+02,20,8,66,260,3
0110,2016-06-23 20:09:00+02,20,9,44.3333333333333,380,3
0110,2016-06-23 20:10:00+02,20,10,66,160,3
0110,2016-06-23 20:11:00+02,20,11,51.3333333333333,300,3
0110,2016-06-23 20:12:00+02,20,12,49.3333333333333,320,3
0110,2016-06-23 20:13:00+02,20,13,50,280,3
0110,2016-06-23 20:14:00+02,20,14,64,340,3
0110,2016-06-23 20:15:00+02,20,15,66.5,420,3
0110,2016-06-23 20:16:00+02,20,16,48.6666666666667,140,3
0110,2016-06-23 20:17:00+02,20,17,40.3333333333333,160,3
0110,2016-06-23 20:18:00+02,20,18,68,400,3
0110,2016-06-23 20:19:00+02,20,19,64,340,3
0110,2016-06-23 20:20:00+02,20,20,44.3333333333333,400,3
0110,2016-06-23 20:21:00+02,20,21,69,220,3
0110,2016-06-23 20:22:00+02,20,22,66,500,3
0110,2016-06-23 20:23:00+02,20,23,44,280,3
0110,2016-06-23 20:24:00+02,20,24,61.5,280,3
0110,2016-06-23 20:25:00+02,20,25,69,180,3
0110,2016-06-23 20:26:00+02,20,26,45.6666666666667,400,3
0110,2016-06-23 20:27:00+02,20,27,45.6666666666667,300,3
0110,2016-06-23 20:28:00+02,20,28,52.3333333333333,220,3
0110,2016-06-23 20:29:00+02,20,29,48,320,3
0110,2016-06-23 20:30:00+02,20,30,48.3333333333333,320,3
0110,2016-06-23 20:31:00+02,20,31,48.6666666666667,220,3
0110,2016-06-23 20:32:00+02,20,32,35.6666666666667,300,3
0110,2016-06-23 20:33:00+02,20,33,68,240,3
0110,2016-06-23 20:34:00+02,20,34,50,400,3
0110,2016-06-23 20:35:00+02,20,35,50,760,3
0110,2016-06-23 20:36:00+02,20,36,52.3333333333333,200,3
0110,2016-06-23 20:37:00+02,20,37,45.3333333333333,340,3
0110,2016-06-23 20:38:00+02,20,38,44.3333333333333,380,3
0110,2016-06-23 20:39:00+02,20,39,46.3333333333333,520,3
0110,2016-06-23 20:40:00+02,20,40,51.3333333333333,600,3
0110,2016-06-23 20:41:00+02,20,41,47,600,3
0110,2016-06-23 20:42:00+02,20,42,45.6666666666667,520,3
0110,2016-06-23 20:43:00+02,20,43,42.6666666666667,480,3
0110,2016-06-23 20:44:00+02,20,44,41,440,3
0110,2016-06-23 20:45:00+02,20,45,46.3333333333333,540,3
0110,2016-06-23 20:46:00+02,20,46,44,380,3
0110,2016-06-23 20:47:00+02,20,47,44.6666666666667,440,3
0110,2016-06-23 20:48:00+02,20,48,46.6666666666667,460,3
0110,2016-06-23 20:49:00+02,20,49,49.6666666666667,520,3
0110,2016-06-23 20:50:00+02,20,50,50,460,3
0110,2016-06-23 20:51:00+02,20,51,63.6666666666667,380,3
0110,2016-06-23 20:52:00+02,20,52,52.6666666666667,540,3
0110,2016-06-23 20:53:00+02,20,53,52.3333333333333,460,3
0110,2016-06-23 20:54:00+02,20,54,63.6666666666667,340,3
0110,2016-06-23 20:55:00+02,20,55,75,120,3
0110,2016-06-23 20:56:00+02,20,56,88,360,3
0110,2016-06-23 20:57:00+02,20,57,90,320,3
0110,2016-06-23 20:58:00+02,20,58,84,400,3
0110,2016-06-23 20:59:00+02,20,59,87.6666666666667,400,3
0110,2016-06-23 21:00:00+02,21,0,85.6666666666667,460,3
0110,2016-06-23 21:01:00+02,21,1,83,400,3
0110,2016-06-23 21:02:00+02,21,2,83,220,3
0110,2016-06-23 21:03:00+02,21,3,88,380,3
0110,2016-06-23 21:04:00+02,21,4,88.6666666666667,240,3
0110,2016-06-23 21:05:00+02,21,5,80.6666666666667,240,3
0110,2016-06-23 21:06:00+02,21,6,85,480,3
0110,2016-06-23 21:07:00+02,21,7,92.6666666666667,300,3
0110,2016-06-23 21:08:00+02,21,8,86,360,3
0110,2016-06-23 21:09:00+02,21,9,87,360,3
0110,2016-06-23 21:10:00+02,21,10,86,240,3
0110,2016-06-23 21:11:00+02,21,11,91.3333333333333,500,3
0110,2016-06-23 21:12:00+02,21,12,89,360,3
0110,2016-06-23 21:13:00+02,21,13,84.5,300,3
0110,2016-06-23 21:14:00+02,21,14,89,360,3
0110,2016-06-23 21:15:00+02,21,15,83,380,3
0110,2016-06-23 21:16:00+02,21,16,85.5,280,3
0110,2016-06-23 21:17:00+02,21,17,82.5,500,3
0110,2016-06-23 21:18:00+02,21,18,84,180,3
0110,2016-06-23 21:19:00+02,21,19,81.5,200,3
0110,2016-06-23 21:20:00+02,21,20,85.3333333333333,400,3
0110,2016-06-23 21:21:00+02,21,21,87,280,3
0110,2016-06-23 21:22:00+02,21,22,84.3333333333333,280,3
0110,2016-06-23 21:23:00+02,21,23,78,240,3
0110,2016-06-23 21:24:00+02,21,24,85,300,3
0110,2016-06-23 21:25:00+02,21,25,90,240,3
0110,2016-06-23 21:26:00+02,21,26,85.5,260,3
0110,2016-06-23 21:27:00+02,21,27,77.5,200,3
0110,2016-06-23 21:28:00+02,21,28,84.5,300,3
0110,2016-06-23 21:29:00+02,21,29,89,340,3
0112,2016-06-23 17:01:00+02,17,1,86.6666666666667,740,3
0112,2016-06-23 17:02:00+02,17,2,81.6666666666667,1620,3
0112,2016-06-23 17:03:00+02,17,3,84.3333333333333,780,3
0112,2016-06-23 17:04:00+02,17,4,85.6666666666667,880,3
0112,2016-06-23 17:05:00+02,17,5,86.6666666666667,800,3
0112,2016-06-23 17:06:00+02,17,6,93.3333333333333,680,3
0112,2016-06-23 17:07:00+02,17,7,86.3333333333333,1100,3
0112,2016-06-23 17:08:00+02,17,8,83.3333333333333,900,3
0112,2016-06-23 17:09:00+02,17,9,85.3333333333333,960,3
0112,2016-06-23 17:10:00+02,17,10,80.6666666666667,1120,3
0112,2016-06-23 17:11:00+02,17,11,85,960,3
0112,2016-06-23 17:12:00+02,17,12,78.3333333333333,1300,3
0112,2016-06-23 17:13:00+02,17,13,89.6666666666667,800,3
0112,2016-06-23 17:14:00+02,17,14,85.3333333333333,1180,3
0112,2016-06-23 17:15:00+02,17,15,87,620,3
0112,2016-06-23 17:16:00+02,17,16,84.6666666666667,1020,3
0112,2016-06-23 17:17:00+02,17,17,84,1300,3
0112,2016-06-23 17:18:00+02,17,18,86,780,3
0112,2016-06-23 17:19:00+02,17,19,88.3333333333333,800,3
0112,2016-06-23 17:20:00+02,17,20,82.6666666666667,1240,3
0112,2016-06-23 17:21:00+02,17,21,85,600,3
0112,2016-06-23 17:22:00+02,17,22,82,1180,3
0112,2016-06-23 17:23:00+02,17,23,84.3333333333333,600,3
0112,2016-06-23 17:24:00+02,17,24,86,1160,3
0112,2016-06-23 17:25:00+02,17,25,85,700,3
0112,2016-06-23 17:26:00+02,17,26,84,1080,3
0112,2016-06-23 17:27:00+02,17,27,82,880,3
0112,2016-06-23 17:28:00+02,17,28,86,1000,3
0112,2016-06-23 17:29:00+02,17,29,89.6666666666667,780,3
0112,2016-06-23 17:30:00+02,17,30,86.6666666666667,1320,3
0112,2016-06-23 17:31:00+02,17,31,88.3333333333333,680,3
0112,2016-06-23 17:32:00+02,17,32,87,1220,3
0112,2016-06-23 17:33:00+02,17,33,91.6666666666667,1080,3
0112,2016-06-23 17:34:00+02,17,34,89.3333333333333,740,3
0112,2016-06-23 17:35:00+02,17,35,93,300,3
0112,2016-06-23 17:36:00+02,17,36,89.6666666666667,1040,3
0112,2016-06-23 17:37:00+02,17,37,87,880,3
0112,2016-06-23 17:38:00+02,17,38,93,600,3
0112,2016-06-23 17:39:00+02,17,39,90.6666666666667,1160,3
0112,2016-06-23 17:40:00+02,17,40,89.3333333333333,1140,3
0112,2016-06-23 17:41:00+02,17,41,84.3333333333333,880,3
0112,2016-06-23 17:42:00+02,17,42,86,1200,3
0112,2016-06-23 17:43:00+02,17,43,90.3333333333333,740,3
0112,2016-06-23 17:44:00+02,17,44,87.3333333333333,1400,3
0112,2016-06-23 17:45:00+02,17,45,87.3333333333333,620,3
0112,2016-06-23 17:46:00+02,17,46,83.6666666666667,820,3
0112,2016-06-23 17:47:00+02,17,47,88,1160,3
0112,2016-06-23 17:48:00+02,17,48,86,300,3
0112,2016-06-23 17:49:00+02,17,49,88.3333333333333,780,3
0112,2016-06-23 17:50:00+02,17,50,83.3333333333333,1140,3
0112,2016-06-23 17:51:00+02,17,51,89,700,3
0112,2016-06-23 17:52:00+02,17,52,87.6666666666667,620,3
0112,2016-06-23 17:53:00+02,17,53,82,1020,3
0112,2016-06-23 17:54:00+02,17,54,73.3333333333333,1020,3
0112,2016-06-23 17:55:00+02,17,55,57,840,3
0112,2016-06-23 17:56:00+02,17,56,52.6666666666667,1020,3
0112,2016-06-23 17:57:00+02,17,57,54,780,3
0112,2016-06-23 17:58:00+02,17,58,58,840,3
0112,2016-06-23 17:59:00+02,17,59,56.3333333333333,980,3
0112,2016-06-23 18:00:00+02,18,0,61,500,3
0112,2016-06-23 18:01:00+02,18,1,52,780,3
0112,2016-06-23 18:02:00+02,18,2,53,1040,3
0112,2016-06-23 18:03:00+02,18,3,53.6666666666667,640,3
0112,2016-06-23 18:04:00+02,18,4,53.6666666666667,720,3
0112,2016-06-23 18:05:00+02,18,5,54.6666666666667,740,3
0112,2016-06-23 18:06:00+02,18,6,54.6666666666667,760,3
0112,2016-06-23 18:07:00+02,18,7,60,780,3
0112,2016-06-23 18:08:00+02,18,8,67,880,3
0112,2016-06-23 18:09:00+02,18,9,59,1080,3
0112,2016-06-23 18:10:00+02,18,10,59,760,3
0112,2016-06-23 18:11:00+02,18,11,52.6666666666667,940,3
0112,2016-06-23 18:12:00+02,18,12,59.6666666666667,940,3
0112,2016-06-23 18:13:00+02,18,13,61.6666666666667,1020,3
0112,2016-06-23 18:14:00+02,18,14,57.6666666666667,920,3
0112,2016-06-23 18:15:00+02,18,15,61.3333333333333,760,3
0112,2016-06-23 18:16:00+02,18,16,54.6666666666667,1180,3
0112,2016-06-23 18:17:00+02,18,17,60.6666666666667,980,3
0112,2016-06-23 18:18:00+02,18,18,63.3333333333333,1260,3
0112,2016-06-23 18:19:00+02,18,19,53.3333333333333,880,3
0112,2016-06-23 18:20:00+02,18,20,60,1120,3
0112,2016-06-23 18:21:00+02,18,21,56.6666666666667,880,3
0112,2016-06-23 18:22:00+02,18,22,58,700,3
0112,2016-06-23 18:23:00+02,18,23,55.3333333333333,800,3
0112,2016-06-23 18:24:00+02,18,24,56,800,3
0112,2016-06-23 18:25:00+02,18,25,56.6666666666667,740,3
0112,2016-06-23 18:26:00+02,18,26,56.6666666666667,640,3
0112,2016-06-23 18:27:00+02,18,27,54.3333333333333,720,3
0112,2016-06-23 18:28:00+02,18,28,58,1020,3
0112,2016-06-23 18:29:00+02,18,29,61,920,3
0112,2016-06-23 18:30:00+02,18,30,60,700,3
0112,2016-06-23 18:31:00+02,18,31,61.3333333333333,900,3
0112,2016-06-23 18:32:00+02,18,32,56.3333333333333,800,3
0112,2016-06-23 18:33:00+02,18,33,47.6666666666667,700,3
0112,2016-06-23 18:34:00+02,18,34,50,600,3
0112,2016-06-23 18:35:00+02,18,35,49.3333333333333,580,3
0112,2016-06-23 18:36:00+02,18,36,55.3333333333333,760,3
0112,2016-06-23 18:37:00+02,18,37,52.3333333333333,460,3
0112,2016-06-23 18:38:00+02,18,38,58.6666666666667,580,3
0112,2016-06-23 18:39:00+02,18,39,52,680,3
0112,2016-06-23 18:40:00+02,18,40,54.6666666666667,300,3
0112,2016-06-23 18:41:00+02,18,41,60.3333333333333,420,3
0112,2016-06-23 18:42:00+02,18,42,,0,3
0112,2016-06-23 18:43:00+02,18,43,58.3333333333333,380,3
0112,2016-06-23 18:44:00+02,18,44,64.6666666666667,540,3
0112,2016-06-23 18:45:00+02,18,45,55.3333333333333,640,3
0112,2016-06-23 18:46:00+02,18,46,60.3333333333333,420,3
0112,2016-06-23 18:47:00+02,18,47,56.6666666666667,540,3
0112,2016-06-23 18:48:00+02,18,48,59,520,3
0112,2016-06-23 18:49:00+02,18,49,60,680,3
0112,2016-06-23 18:50:00+02,18,50,57,580,3
0112,2016-06-23 18:51:00+02,18,51,53.3333333333333,520,3
0112,2016-06-23 18:52:00+02,18,52,58.6666666666667,320,3
0112,2016-06-23 18:53:00+02,18,53,60.3333333333333,380,3
0112,2016-06-23 18:54:00+02,18,54,57,520,3
0112,2016-06-23 18:55:00+02,18,55,57.3333333333333,280,3
0112,2016-06-23 18:56:00+02,18,56,52.6666666666667,360,3
0112,2016-06-23 18:57:00+02,18,57,46.6666666666667,600,3
0112,2016-06-23 18:58:00+02,18,58,60,380,3
0112,2016-06-23 18:59:00+02,18,59,59.6666666666667,440,3
0112,2016-06-23 19:00:00+02,19,0,54,220,3
0112,2016-06-23 19:01:00+02,19,1,54.3333333333333,420,3
0112,2016-06-23 19:02:00+02,19,2,54.3333333333333,420,3
0112,2016-06-23 19:03:00+02,19,3,53.6666666666667,260,3
0112,2016-06-23 19:04:00+02,19,4,49.3333333333333,460,3
0112,2016-06-23 19:05:00+02,19,5,52.3333333333333,320,3
0112,2016-06-23 19:06:00+02,19,6,57,640,3
0112,2016-06-23 19:07:00+02,19,7,54,460,3
0112,2016-06-23 19:08:00+02,19,8,55.3333333333333,320,3
0112,2016-06-23 19:09:00+02,19,9,61.3333333333333,380,3
0112,2016-06-23 19:10:00+02,19,10,83.5,400,3
0112,2016-06-23 19:11:00+02,19,11,52.3333333333333,380,3
0112,2016-06-23 19:12:00+02,19,12,56.3333333333333,420,3
0112,2016-06-23 19:13:00+02,19,13,51.6666666666667,500,3
0112,2016-06-23 19:14:00+02,19,14,53.6666666666667,340,3
0112,2016-06-23 19:15:00+02,19,15,52.6666666666667,460,3
0112,2016-06-23 19:16:00+02,19,16,80,380,3
0112,2016-06-23 19:17:00+02,19,17,58,360,3
0112,2016-06-23 19:18:00+02,19,18,53.6666666666667,380,3
0112,2016-06-23 19:19:00+02,19,19,54,440,3
0112,2016-06-23 19:20:00+02,19,20,51.3333333333333,340,3
0112,2016-06-23 19:21:00+02,19,21,46,240,3
0112,2016-06-23 19:22:00+02,19,22,52,240,3
0112,2016-06-23 19:23:00+02,19,23,50.6666666666667,280,3
0112,2016-06-23 19:24:00+02,19,24,52.3333333333333,400,3
0112,2016-06-23 19:25:00+02,19,25,54,220,3
0112,2016-06-23 19:26:00+02,19,26,56.6666666666667,580,3
0112,2016-06-23 19:27:00+02,19,27,54.6666666666667,440,3
0112,2016-06-23 19:28:00+02,19,28,58,140,3
0112,2016-06-23 19:29:00+02,19,29,48.6666666666667,440,3
0112,2016-06-23 19:30:00+02,19,30,48.3333333333333,240,3
0112,2016-06-23 19:31:00+02,19,31,54.6666666666667,380,3
0112,2016-06-23 19:32:00+02,19,32,53,420,3
0112,2016-06-23 19:33:00+02,19,33,22.3333333333333,360,3
0112,2016-06-23 19:34:00+02,19,34,57,340,3
0112,2016-06-23 19:35:00+02,19,35,30.3333333333333,260,3
0112,2016-06-23 19:36:00+02,19,36,58.5,460,3
0112,2016-06-23 19:37:00+02,19,37,71,400,3
0112,2016-06-23 19:38:00+02,19,38,66.5,340,3
0112,2016-06-23 19:39:00+02,19,39,47.6666666666667,340,3
0112,2016-06-23 19:40:00+02,19,40,37.3333333333333,220,3
0112,2016-06-23 19:41:00+02,19,41,65,240,3
0112,2016-06-23 19:42:00+02,19,42,49.6666666666667,200,3
0112,2016-06-23 19:43:00+02,19,43,57.5,340,3
0112,2016-06-23 19:44:00+02,19,44,57.5,440,3
0112,2016-06-23 19:45:00+02,19,45,52.5,360,3
0112,2016-06-23 19:46:00+02,19,46,49,220,3
0112,2016-06-23 19:47:00+02,19,47,63.5,300,3
0112,2016-06-23 19:48:00+02,19,48,43.6666666666667,400,3
0112,2016-06-23 19:49:00+02,19,49,56,360,3
0112,2016-06-23 19:50:00+02,19,50,59.5,280,3
0112,2016-06-23 19:51:00+02,19,51,54,180,3
0112,2016-06-23 19:52:00+02,19,52,55,200,3
0112,2016-06-23 19:53:00+02,19,53,42,280,3
0112,2016-06-23 19:54:00+02,19,54,46,400,3
0112,2016-06-23 19:55:00+02,19,55,34.6666666666667,340,3
0112,2016-06-23 19:56:00+02,19,56,35,320,3
0112,2016-06-23 19:57:00+02,19,57,62,260,3
0112,2016-06-23 19:58:00+02,19,58,42.6666666666667,160,3
0112,2016-06-23 19:59:00+02,19,59,34,200,3
0112,2016-06-23 20:00:00+02,20,0,42.3333333333333,240,3
0112,2016-06-23 20:01:00+02,20,1,42.6666666666667,100,3
0112,2016-06-23 20:02:00+02,20,2,55,420,3
0112,2016-06-23 20:03:00+02,20,3,40.6666666666667,360,3
0112,2016-06-23 20:04:00+02,20,4,58.5,160,3
0112,2016-06-23 20:05:00+02,20,5,47.3333333333333,360,3
0112,2016-06-23 20:06:00+02,20,6,66.5,360,3
0112,2016-06-23 20:07:00+02,20,7,48.3333333333333,380,3
0112,2016-06-23 20:08:00+02,20,8,67,240,3
0112,2016-06-23 20:09:00+02,20,9,45.3333333333333,260,3
0112,2016-06-23 20:10:00+02,20,10,45.6666666666667,300,3
0112,2016-06-23 20:11:00+02,20,11,73,160,3
0112,2016-06-23 20:12:00+02,20,12,50.3333333333333,340,3
0112,2016-06-23 20:13:00+02,20,13,75,280,3
0112,2016-06-23 20:14:00+02,20,14,78,260,3
0112,2016-06-23 20:15:00+02,20,15,70,360,3
0112,2016-06-23 20:16:00+02,20,16,46.6666666666667,440,3
0112,2016-06-23 20:17:00+02,20,17,49.6666666666667,260,3
0112,2016-06-23 20:18:00+02,20,18,72,200,3
0112,2016-06-23 20:19:00+02,20,19,66,380,3
0112,2016-06-23 20:20:00+02,20,20,61,400,3
0112,2016-06-23 20:21:00+02,20,21,48.3333333333333,320,3
0112,2016-06-23 20:22:00+02,20,22,69.5,340,3
0112,2016-06-23 20:23:00+02,20,23,61,400,3
0112,2016-06-23 20:24:00+02,20,24,62,280,3
0112,2016-06-23 20:25:00+02,20,25,45,300,3
0112,2016-06-23 20:26:00+02,20,26,52,380,3
0112,2016-06-23 20:27:00+02,20,27,49.6666666666667,420,3
0112,2016-06-23 20:28:00+02,20,28,51.6666666666667,220,3
0112,2016-06-23 20:29:00+02,20,29,49.6666666666667,360,3
0112,2016-06-23 20:30:00+02,20,30,40,300,3
0112,2016-06-23 20:31:00+02,20,31,51.6666666666667,280,3
0112,2016-06-23 20:32:00+02,20,32,75.5,180,3
0112,2016-06-23 20:33:00+02,20,33,40,420,3
0112,2016-06-23 20:34:00+02,20,34,51.6666666666667,580,3
0112,2016-06-23 20:35:00+02,20,35,47.3333333333333,480,3
0112,2016-06-23 20:36:00+02,20,36,64.5,380,3
0112,2016-06-23 20:37:00+02,20,37,58,260,3
0112,2016-06-23 20:38:00+02,20,38,65.5,260,3
0112,2016-06-23 20:39:00+02,20,39,50.3333333333333,700,3
0112,2016-06-23 20:40:00+02,20,40,55.3333333333333,680,3
0112,2016-06-23 20:41:00+02,20,41,57.6666666666667,340,3
0112,2016-06-23 20:42:00+02,20,42,50.6666666666667,500,3
0112,2016-06-23 20:43:00+02,20,43,48.3333333333333,620,3
0112,2016-06-23 20:44:00+02,20,44,51.6666666666667,420,3
0112,2016-06-23 20:45:00+02,20,45,44,460,3
0112,2016-06-23 20:46:00+02,20,46,72,360,3
0112,2016-06-23 20:47:00+02,20,47,47,500,3
0112,2016-06-23 20:48:00+02,20,48,52,600,3
0112,2016-06-23 20:49:00+02,20,49,52.6666666666667,560,3
0112,2016-06-23 20:50:00+02,20,50,55.3333333333333,460,3
0112,2016-06-23 20:51:00+02,20,51,55.3333333333333,400,3
0112,2016-06-23 20:52:00+02,20,52,54.6666666666667,560,3
0112,2016-06-23 20:53:00+02,20,53,58,540,3
0112,2016-06-23 20:54:00+02,20,54,57,560,3
0112,2016-06-23 20:55:00+02,20,55,59.6666666666667,360,3
0112,2016-06-23 20:56:00+02,20,56,83,260,3
0112,2016-06-23 20:57:00+02,20,57,90.3333333333333,260,3
0112,2016-06-23 20:58:00+02,20,58,85.3333333333333,420,3
0112,2016-06-23 20:59:00+02,20,59,78,400,3
0112,2016-06-23 21:00:00+02,21,0,84,440,3
0112,2016-06-23 21:01:00+02,21,1,83.6666666666667,460,3
0112,2016-06-23 21:02:00+02,21,2,75.5,320,3
0112,2016-06-23 21:03:00+02,21,3,86,220,3
0112,2016-06-23 21:04:00+02,21,4,81,340,3
0112,2016-06-23 21:05:00+02,21,5,81,240,3
0112,2016-06-23 21:06:00+02,21,6,79,280,3
0112,2016-06-23 21:07:00+02,21,7,85.3333333333333,480,3
0112,2016-06-23 21:08:00+02,21,8,90,440,3
0112,2016-06-23 21:09:00+02,21,9,80,220,3
0112,2016-06-23 21:10:00+02,21,10,94,400,3
0112,2016-06-23 21:11:00+02,21,11,85.6666666666667,280,3
0112,2016-06-23 21:12:00+02,21,12,85,560,3
0112,2016-06-23 21:13:00+02,21,13,89.3333333333333,340,3
0112,2016-06-23 21:14:00+02,21,14,86.6666666666667,300,3
0112,2016-06-23 21:15:00+02,21,15,84,420,3
0112,2016-06-23 21:16:00+02,21,16,80.5,300,3
0112,2016-06-23 21:17:00+02,21,17,87,320,3
0112,2016-06-23 21:18:00+02,21,18,81,360,3
0112,2016-06-23 21:19:00+02,21,19,85.3333333333333,200,3
0112,2016-06-23 21:20:00+02,21,20,82.6666666666667,300,3
0112,2016-06-23 21:21:00+02,21,21,82,380,3
0112,2016-06-23 21:22:00+02,21,22,82.3333333333333,300,3
0112,2016-06-23 21:23:00+02,21,23,77.5,280,3
0112,2016-06-23 21:24:00+02,21,24,86.3333333333333,200,3
0112,2016-06-23 21:25:00+02,21,25,86.5,280,3
0112,2016-06-23 21:26:00+02,21,26,86.6666666666667,260,3
0112,2016-06-23 21:27:00+02,21,27,80.5,260,3
0112,2016-06-23 21:28:00+02,21,28,85.5,200,3
0112,2016-06-23 21:29:00+02,21,29,88.3333333333333,300,3
0117,2016-06-23 17:01:00+02,17,1,90,690,2
0117,2016-06-23 17:02:00+02,17,2,86.5,1260,2
0117,2016-06-23 17:03:00+02,17,3,80,1320,2
0117,2016-06-23 17:04:00+02,17,4,87,720,2
0117,2016-06-23 17:05:00+02,17,5,81,780,2
0117,2016-06-23 17:06:00+02,17,6,89,780,2
0117,2016-06-23 17:07:00+02,17,7,88,1020,2
0117,2016-06-23 17:08:00+02,17,8,89.5,810,2
0117,2016-06-23 17:09:00+02,17,9,85.5,1050,2
0117,2016-06-23 17:10:00+02,17,10,80,1260,2
0117,2016-06-23 17:11:00+02,17,11,86,720,2
0117,2016-06-23 17:12:00+02,17,12,82,1200,2
0117,2016-06-23 17:13:00+02,17,13,84,780,2
0117,2016-06-23 17:14:00+02,17,14,87.5,1410,2
0117,2016-06-23 17:15:00+02,17,15,89,570,2
0117,2016-06-23 17:16:00+02,17,16,88,600,2
0117,2016-06-23 17:17:00+02,17,17,85,1860,2
0117,2016-06-23 17:18:00+02,17,18,86,840,2
0117,2016-06-23 17:19:00+02,17,19,87.5,630,2
0117,2016-06-23 17:20:00+02,17,20,85.5,1230,2
0117,2016-06-23 17:21:00+02,17,21,87.5,780,2
0117,2016-06-23 17:22:00+02,17,22,81.5,930,2
0117,2016-06-23 17:23:00+02,17,23,81,1110,2
0117,2016-06-23 17:24:00+02,17,24,87.5,720,2
0117,2016-06-23 17:25:00+02,17,25,90,1200,2
0117,2016-06-23 17:26:00+02,17,26,89.5,810,2
0117,2016-06-23 17:27:00+02,17,27,84,1260,2
0117,2016-06-23 17:28:00+02,17,28,83,960,2
0117,2016-06-23 17:29:00+02,17,29,90,600,2
0117,2016-06-23 17:30:00+02,17,30,87.5,1590,2
0117,2016-06-23 17:31:00+02,17,31,88.5,660,2
0117,2016-06-23 17:32:00+02,17,32,86,780,2
0117,2016-06-23 17:33:00+02,17,33,87.5,1440,2
0117,2016-06-23 17:34:00+02,17,34,92.5,600,2
0117,2016-06-23 17:35:00+02,17,35,87,300,2
0117,2016-06-23 17:36:00+02,17,36,87.5,1170,2
0117,2016-06-23 17:37:00+02,17,37,87.5,720,2
0117,2016-06-23 17:38:00+02,17,38,88.5,780,2
0117,2016-06-23 17:39:00+02,17,39,88.5,1020,2
0117,2016-06-23 17:40:00+02,17,40,92,1410,2
0117,2016-06-23 17:41:00+02,17,41,85,660,2
0117,2016-06-23 17:42:00+02,17,42,87,1230,2
0117,2016-06-23 17:43:00+02,17,43,88,660,2
0117,2016-06-23 17:44:00+02,17,44,91,1380,2
0117,2016-06-23 17:45:00+02,17,45,89,1080,2
0117,2016-06-23 17:46:00+02,17,46,89.5,300,2
0117,2016-06-23 17:47:00+02,17,47,87.5,1650,2
0117,2016-06-23 17:48:00+02,17,48,89.5,510,2
0117,2016-06-23 17:49:00+02,17,49,90,480,2
0117,2016-06-23 17:50:00+02,17,50,86,1260,2
0117,2016-06-23 17:51:00+02,17,51,89,600,2
0117,2016-06-23 17:52:00+02,17,52,92,360,2
0117,2016-06-23 17:53:00+02,17,53,89,750,2
0117,2016-06-23 17:54:00+02,17,54,88,1320,2
0117,2016-06-23 17:55:00+02,17,55,85,750,2
0117,2016-06-23 17:56:00+02,17,56,87.5,1560,2
0117,2016-06-23 17:57:00+02,17,57,87.5,1260,2
0117,2016-06-23 17:58:00+02,17,58,87,690,2
0117,2016-06-23 17:59:00+02,17,59,90,1260,2
0117,2016-06-23 18:00:00+02,18,0,89,630,2
0117,2016-06-23 18:01:00+02,18,1,90,840,2
0117,2016-06-23 18:02:00+02,18,2,88.5,1200,2
0117,2016-06-23 18:03:00+02,18,3,87.5,990,2
0117,2016-06-23 18:04:00+02,18,4,91,900,2
0117,2016-06-23 18:05:00+02,18,5,87,930,2
0117,2016-06-23 18:06:00+02,18,6,86.5,600,2
0117,2016-06-23 18:07:00+02,18,7,88,870,2
0117,2016-06-23 18:08:00+02,18,8,85.5,720,2
0117,2016-06-23 18:09:00+02,18,9,89.5,420,2
0117,2016-06-23 18:10:00+02,18,10,85.5,1140,2
0117,2016-06-23 18:11:00+02,18,11,86,780,2
0117,2016-06-23 18:12:00+02,18,12,80,990,2
0117,2016-06-23 18:13:00+02,18,13,86,840,2
0117,2016-06-23 18:14:00+02,18,14,88,900,2
0117,2016-06-23 18:15:00+02,18,15,84.5,750,2
0117,2016-06-23 18:16:00+02,18,16,86.5,1020,2
0117,2016-06-23 18:17:00+02,18,17,80.5,1110,2
0117,2016-06-23 18:18:00+02,18,18,88,1170,2
0117,2016-06-23 18:19:00+02,18,19,85,1080,2
0117,2016-06-23 18:20:00+02,18,20,84.5,1170,2
0117,2016-06-23 18:21:00+02,18,21,87.5,1020,2
0117,2016-06-23 18:22:00+02,18,22,88,810,2
0117,2016-06-23 18:23:00+02,18,23,84,1050,2
0117,2016-06-23 18:24:00+02,18,24,86.5,900,2
0117,2016-06-23 18:25:00+02,18,25,87,840,2
0117,2016-06-23 18:26:00+02,18,26,79,600,2
0117,2016-06-23 18:27:00+02,18,27,88.5,900,2
0117,2016-06-23 18:28:00+02,18,28,86,900,2
0117,2016-06-23 18:29:00+02,18,29,86,630,2
0117,2016-06-23 18:30:00+02,18,30,84.5,960,2
0117,2016-06-23 18:31:00+02,18,31,92,750,2
0117,2016-06-23 18:32:00+02,18,32,88.5,960,2
0117,2016-06-23 18:33:00+02,18,33,87,690,2
0117,2016-06-23 18:34:00+02,18,34,84.5,1020,2
0117,2016-06-23 18:35:00+02,18,35,86.5,840,2
0117,2016-06-23 18:36:00+02,18,36,88,720,2
0117,2016-06-23 18:37:00+02,18,37,94,510,2
0117,2016-06-23 18:38:00+02,18,38,93.5,420,2
0117,2016-06-23 18:39:00+02,18,39,87,750,2
0117,2016-06-23 18:40:00+02,18,40,82,480,2
0117,2016-06-23 18:41:00+02,18,41,95,360,2
0117,2016-06-23 18:42:00+02,18,42,,0,2
0117,2016-06-23 18:43:00+02,18,43,83.5,420,2
0117,2016-06-23 18:44:00+02,18,44,94,540,2
0117,2016-06-23 18:45:00+02,18,45,88.5,480,2
0117,2016-06-23 18:46:00+02,18,46,86,540,2
0117,2016-06-23 18:47:00+02,18,47,86,450,2
0117,2016-06-23 18:48:00+02,18,48,86.5,360,2
0117,2016-06-23 18:49:00+02,18,49,87,630,2
0117,2016-06-23 18:50:00+02,18,50,86,780,2
0117,2016-06-23 18:51:00+02,18,51,83,540,2
0117,2016-06-23 18:52:00+02,18,52,91,450,2
0117,2016-06-23 18:53:00+02,18,53,94,450,2
0117,2016-06-23 18:54:00+02,18,54,92.5,570,2
0117,2016-06-23 18:55:00+02,18,55,86,180,2
0117,2016-06-23 18:56:00+02,18,56,87.5,270,2
0117,2016-06-23 18:57:00+02,18,57,84.5,810,2
0117,2016-06-23 18:58:00+02,18,58,98,210,2
0117,2016-06-23 18:59:00+02,18,59,93.5,450,2
0117,2016-06-23 19:00:00+02,19,0,86.5,270,2
0117,2016-06-23 19:01:00+02,19,1,86.5,270,2
0117,2016-06-23 19:02:00+02,19,2,90.5,450,2
0117,2016-06-23 19:03:00+02,19,3,88,330,2
0117,2016-06-23 19:04:00+02,19,4,88,690,2
0117,2016-06-23 19:05:00+02,19,5,86,480,2
0117,2016-06-23 19:06:00+02,19,6,88.5,360,2
0117,2016-06-23 19:07:00+02,19,7,85,600,2
0117,2016-06-23 19:08:00+02,19,8,96,210,2
0117,2016-06-23 19:09:00+02,19,9,88.5,450,2
0117,2016-06-23 19:10:00+02,19,10,89,570,2
0117,2016-06-23 19:11:00+02,19,11,91.5,360,2
0117,2016-06-23 19:12:00+02,19,12,91.5,510,2
0117,2016-06-23 19:13:00+02,19,13,82.5,600,2
0117,2016-06-23 19:14:00+02,19,14,88,390,2
0117,2016-06-23 19:15:00+02,19,15,84,630,2
0117,2016-06-23 19:16:00+02,19,16,85,420,2
0117,2016-06-23 19:17:00+02,19,17,92.5,510,2
0117,2016-06-23 19:18:00+02,19,18,88,420,2
0117,2016-06-23 19:19:00+02,19,19,88.5,540,2
0117,2016-06-23 19:20:00+02,19,20,84.5,450,2
0117,2016-06-23 19:21:00+02,19,21,88.5,390,2
0117,2016-06-23 19:22:00+02,19,22,90,360,2
0117,2016-06-23 19:23:00+02,19,23,94.5,270,2
0117,2016-06-23 19:24:00+02,19,24,88.5,510,2
0117,2016-06-23 19:25:00+02,19,25,95,360,2
0117,2016-06-23 19:26:00+02,19,26,90.5,510,2
0117,2016-06-23 19:27:00+02,19,27,90,630,2
0117,2016-06-23 19:28:00+02,19,28,83,150,2
0117,2016-06-23 19:29:00+02,19,29,86,510,2
0117,2016-06-23 19:30:00+02,19,30,85.5,420,2
0117,2016-06-23 19:31:00+02,19,31,85.5,510,2
0117,2016-06-23 19:32:00+02,19,32,89.5,570,2
0117,2016-06-23 19:33:00+02,19,33,81,540,2
0117,2016-06-23 19:34:00+02,19,34,82.5,630,2
0117,2016-06-23 19:35:00+02,19,35,84,450,2
0117,2016-06-23 19:36:00+02,19,36,89.5,480,2
0117,2016-06-23 19:37:00+02,19,37,83.5,720,2
0117,2016-06-23 19:38:00+02,19,38,83.5,720,2
0117,2016-06-23 19:39:00+02,19,39,85.5,510,2
0117,2016-06-23 19:40:00+02,19,40,88.5,360,2
0117,2016-06-23 19:41:00+02,19,41,85,300,2
0117,2016-06-23 19:42:00+02,19,42,97,240,2
0117,2016-06-23 19:43:00+02,19,43,87,540,2
0117,2016-06-23 19:44:00+02,19,44,84,660,2
0117,2016-06-23 19:45:00+02,19,45,80.5,750,2
0117,2016-06-23 19:46:00+02,19,46,84.5,330,2
0117,2016-06-23 19:47:00+02,19,47,84.5,390,2
0117,2016-06-23 19:48:00+02,19,48,81.5,630,2
0117,2016-06-23 19:49:00+02,19,49,85,630,2
0117,2016-06-23 19:50:00+02,19,50,80,540,2
0117,2016-06-23 19:51:00+02,19,51,84,330,2
0117,2016-06-23 19:52:00+02,19,52,81,270,2
0117,2016-06-23 19:53:00+02,19,53,80.5,390,2
0117,2016-06-23 19:54:00+02,19,54,80,570,2
0117,2016-06-23 19:55:00+02,19,55,83.5,480,2
0117,2016-06-23 19:56:00+02,19,56,85,420,2
0117,2016-06-23 19:57:00+02,19,57,75,660,2
0117,2016-06-23 19:58:00+02,19,58,77.5,330,2
0117,2016-06-23 19:59:00+02,19,59,79.5,330,2
0117,2016-06-23 20:00:00+02,20,0,75.5,450,2
0117,2016-06-23 20:01:00+02,20,1,75,150,2
0117,2016-06-23 20:02:00+02,20,2,79.5,390,2
0117,2016-06-23 20:03:00+02,20,3,84,480,2
0117,2016-06-23 20:04:00+02,20,4,73.5,450,2
0117,2016-06-23 20:05:00+02,20,5,81,300,2
0117,2016-06-23 20:06:00+02,20,6,83,450,2
0117,2016-06-23 20:07:00+02,20,7,80.5,690,2
0117,2016-06-23 20:08:00+02,20,8,84.5,330,2
0117,2016-06-23 20:09:00+02,20,9,84.5,390,2
0117,2016-06-23 20:10:00+02,20,10,85.5,300,2
0117,2016-06-23 20:11:00+02,20,11,77.5,360,2
0117,2016-06-23 20:12:00+02,20,12,83.5,450,2
0117,2016-06-23 20:13:00+02,20,13,83.5,450,2
0117,2016-06-23 20:14:00+02,20,14,86,390,2
0117,2016-06-23 20:15:00+02,20,15,76.5,480,2
0117,2016-06-23 20:16:00+02,20,16,79.5,570,2
0117,2016-06-23 20:17:00+02,20,17,84.5,300,2
0117,2016-06-23 20:18:00+02,20,18,85,150,2
0117,2016-06-23 20:19:00+02,20,19,83.5,570,2
0117,2016-06-23 20:20:00+02,20,20,81,570,2
0117,2016-06-23 20:21:00+02,20,21,80.5,630,2
0117,2016-06-23 20:22:00+02,20,22,78,360,2
0117,2016-06-23 20:23:00+02,20,23,82.5,660,2
0117,2016-06-23 20:24:00+02,20,24,77.5,390,2
0117,2016-06-23 20:25:00+02,20,25,78.5,390,2
0117,2016-06-23 20:26:00+02,20,26,78.5,390,2
0117,2016-06-23 20:27:00+02,20,27,79.5,360,2
0117,2016-06-23 20:28:00+02,20,28,78,480,2
0117,2016-06-23 20:29:00+02,20,29,85.5,300,2
0117,2016-06-23 20:30:00+02,20,30,80,480,2
0117,2016-06-23 20:31:00+02,20,31,81,450,2
0117,2016-06-23 20:32:00+02,20,32,87,300,2
0117,2016-06-23 20:33:00+02,20,33,81.5,390,2
0117,2016-06-23 20:34:00+02,20,34,75.5,420,2
0117,2016-06-23 20:35:00+02,20,35,82.5,330,2
0117,2016-06-23 20:36:00+02,20,36,75.5,630,2
0117,2016-06-23 20:37:00+02,20,37,79.5,330,2
0117,2016-06-23 20:38:00+02,20,38,76,480,2
0117,2016-06-23 20:39:00+02,20,39,84,450,2
0117,2016-06-23 20:40:00+02,20,40,82.5,720,2
0117,2016-06-23 20:41:00+02,20,41,83.5,360,2
0117,2016-06-23 20:42:00+02,20,42,83,690,2
0117,2016-06-23 20:43:00+02,20,43,80,660,2
0117,2016-06-23 20:44:00+02,20,44,86,750,2
0117,2016-06-23 20:45:00+02,20,45,78,510,2
0117,2016-06-23 20:46:00+02,20,46,85.5,660,2
0117,2016-06-23 20:47:00+02,20,47,77.5,540,2
0117,2016-06-23 20:48:00+02,20,48,81.5,600,2
0117,2016-06-23 20:49:00+02,20,49,83,690,2
0117,2016-06-23 20:50:00+02,20,50,86.5,570,2
0117,2016-06-23 20:51:00+02,20,51,86,300,2
0117,2016-06-23 20:52:00+02,20,52,85.5,420,2
0117,2016-06-23 20:53:00+02,20,53,85,600,2
0117,2016-06-23 20:54:00+02,20,54,80,480,2
0117,2016-06-23 20:55:00+02,20,55,78.5,360,2
0117,2016-06-23 20:56:00+02,20,56,85.5,180,2
0117,2016-06-23 20:57:00+02,20,57,84,330,2
0117,2016-06-23 20:58:00+02,20,58,85.5,390,2
0117,2016-06-23 20:59:00+02,20,59,86.5,540,2
0117,2016-06-23 21:00:00+02,21,0,83,240,2
0117,2016-06-23 21:01:00+02,21,1,81.5,390,2
0117,2016-06-23 21:02:00+02,21,2,79,420,2
0117,2016-06-23 21:03:00+02,21,3,76.5,150,2
0117,2016-06-23 21:04:00+02,21,4,84,300,2
0117,2016-06-23 21:05:00+02,21,5,79,180,2
0117,2016-06-23 21:06:00+02,21,6,77.5,360,2
0117,2016-06-23 21:07:00+02,21,7,83.5,510,2
0117,2016-06-23 21:08:00+02,21,8,87.5,540,2
0117,2016-06-23 21:09:00+02,21,9,80,210,2
0117,2016-06-23 21:10:00+02,21,10,86,360,2
0117,2016-06-23 21:11:00+02,21,11,82.5,240,2
0117,2016-06-23 21:12:00+02,21,12,82,510,2
0117,2016-06-23 21:13:00+02,21,13,80.5,240,2
0117,2016-06-23 21:14:00+02,21,14,86.5,270,2
0117,2016-06-23 21:15:00+02,21,15,82,450,2
0117,2016-06-23 21:16:00+02,21,16,78,180,2
0117,2016-06-23 21:17:00+02,21,17,87.5,210,2
0117,2016-06-23 21:18:00+02,21,18,87.5,390,2
0117,2016-06-23 21:19:00+02,21,19,88.5,180,2
0117,2016-06-23 21:20:00+02,21,20,79,270,2
0117,2016-06-23 21:21:00+02,21,21,83,240,2
0117,2016-06-23 21:22:00+02,21,22,84.5,270,2
0117,2016-06-23 21:23:00+02,21,23,81.5,330,2
0117,2016-06-23 21:24:00+02,21,24,81,90,2
0117,2016-06-23 21:25:00+02,21,25,87.5,210,2
0117,2016-06-23 21:26:00+02,21,26,83.5,240,2
0117,2016-06-23 21:27:00+02,21,27,82,270,2
0117,2016-06-23 21:28:00+02,21,28,81,90,2
0117,2016-06-23 21:29:00+02,21,29,88,210,2
